POLYGON ((-7.680666 31.66665, -7.679964 31.666687, -7.679883 31.666271, -7.680436 31.666276, -7.680554 31.666536, -7.680666 31.66665)) Field object (32)
POLYGON ((-7.680645 31.666646, -7.679948 31.666691, -7.679883 31.666308, -7.68042 31.666294, -7.680554 31.666541, -7.680645 31.666646)) Field object (33)
POLYGON ((-7.679953 31.666691, -7.679234 31.666682, -7.679186 31.666445, -7.679545 31.666408, -7.679647 31.666335, -7.679899 31.666317, -7.679953 31.666691)) Field object (34)
POLYGON ((-7.679958 31.666682, -7.680656 31.666641, -7.680956 31.667038, -7.680039 31.667052, -7.679958 31.666682)) Field object (35)
POLYGON ((-7.67924 31.666682, -7.679969 31.666696, -7.680039 31.667043, -7.679304 31.667089, -7.67924 31.666682)) Field object (36)
POLYGON ((-7.680951 31.667048, -7.68124 31.667399, -7.680538 31.66744, -7.680457 31.667057, -7.680951 31.667048)) Field object (37)
POLYGON ((-7.680543 31.667431, -7.68064 31.667837, -7.680972 31.66781, -7.681273 31.667819, -7.681535 31.66776, -7.681246 31.667399, -7.680543 31.667431)) Field object (38)
POLYGON ((-7.68064 31.667833, -7.680538 31.66786, -7.680157 31.66786, -7.680141 31.667664, -7.679889 31.667673, -7.679862 31.667445, -7.680548 31.667436, -7.68064 31.667833)) Field object (39)
POLYGON ((-7.679867 31.667459, -7.679787 31.667066, -7.680468 31.667057, -7.680543 31.667431, -7.679867 31.667459)) Field object (40)
POLYGON ((-7.679883 31.667673, -7.679894 31.667856, -7.679695 31.667856, -7.679438 31.667901, -7.679352 31.667477, -7.679867 31.667454, -7.679883 31.667673)) Field object (41)
POLYGON ((-7.679443 31.667888, -7.678977 31.667961, -7.678864 31.667513, -7.679363 31.667477, -7.679443 31.667888)) Field object (42)
POLYGON ((-7.679352 31.667472, -7.67932 31.667098, -7.679787 31.667066, -7.679873 31.667449, -7.679352 31.667472)) Field object (43)
POLYGON ((-7.679363 31.667472, -7.678869 31.667504, -7.678751 31.667089, -7.679325 31.667102, -7.679363 31.667472)) Field object (44)
POLYGON ((-7.679315 31.667089, -7.679245 31.666678, -7.678623 31.666678, -7.678751 31.667089, -7.679315 31.667089)) Field object (45)
POLYGON ((-7.679245 31.666678, -7.679181 31.666376, -7.678542 31.66639, -7.678628 31.666673, -7.679245 31.666678)) Field object (46)
POLYGON ((-7.679181 31.666372, -7.679148 31.666125, -7.678735 31.666057, -7.678456 31.666039, -7.678542 31.666386, -7.679181 31.666372)) Field object (47)
POLYGON ((-7.680645 31.666646, -7.679948 31.666691, -7.679883 31.666308, -7.68042 31.666294, -7.680554 31.666541, -7.680645 31.666646)) Field object (15)
POLYGON ((-7.679953 31.666691, -7.679234 31.666682, -7.679186 31.666445, -7.679545 31.666408, -7.679647 31.666335, -7.679899 31.666317, -7.679953 31.666691)) Field object (16)
POLYGON ((-7.679958 31.666682, -7.680656 31.666641, -7.680956 31.667038, -7.680039 31.667052, -7.679958 31.666682)) Field object (17)
POLYGON ((-7.67924 31.666682, -7.679969 31.666696, -7.680039 31.667043, -7.679304 31.667089, -7.67924 31.666682)) Field object (18)
POLYGON ((-7.680951 31.667048, -7.68124 31.667399, -7.680538 31.66744, -7.680457 31.667057, -7.680951 31.667048)) Field object (19)
POLYGON ((-7.680543 31.667431, -7.68064 31.667837, -7.680972 31.66781, -7.681273 31.667819, -7.681535 31.66776, -7.681246 31.667399, -7.680543 31.667431)) Field object (20)
POLYGON ((-7.68064 31.667833, -7.680538 31.66786, -7.680157 31.66786, -7.680141 31.667664, -7.679889 31.667673, -7.679862 31.667445, -7.680548 31.667436, -7.68064 31.667833)) Field object (21)
POLYGON ((-7.679867 31.667459, -7.679787 31.667066, -7.680468 31.667057, -7.680543 31.667431, -7.679867 31.667459)) Field object (22)
POLYGON ((-7.679883 31.667673, -7.679894 31.667856, -7.679695 31.667856, -7.679438 31.667901, -7.679352 31.667477, -7.679867 31.667454, -7.679883 31.667673)) Field object (23)
POLYGON ((-7.679443 31.667888, -7.678977 31.667961, -7.678864 31.667513, -7.679363 31.667477, -7.679443 31.667888)) Field object (24)
POLYGON ((-7.679352 31.667472, -7.67932 31.667098, -7.679787 31.667066, -7.679873 31.667449, -7.679352 31.667472)) Field object (25)
POLYGON ((-7.679363 31.667472, -7.678869 31.667504, -7.678751 31.667089, -7.679325 31.667102, -7.679363 31.667472)) Field object (26)
POLYGON ((-7.679315 31.667089, -7.679245 31.666678, -7.678623 31.666678, -7.678751 31.667089, -7.679315 31.667089)) Field object (27)
POLYGON ((-7.679245 31.666678, -7.679181 31.666376, -7.678542 31.66639, -7.678628 31.666673, -7.679245 31.666678)) Field object (28)
POLYGON ((-7.679181 31.666372, -7.679148 31.666125, -7.678735 31.666057, -7.678456 31.666039, -7.678542 31.666386, -7.679181 31.666372)) Field object (29)
POLYGON ((-7.675924 31.675772, -7.674551 31.676868, -7.673779 31.676284, -7.674594 31.675517, -7.675924 31.675772)) Field object (31)

32 E3P2
34 E3P1
35 E3P4
36 E3P3
37 E3P6
38 E3P8
39 E3P7
40 E3P5
41 E2P6
42 E2P5
43 E2P7
44 E2P4
45 E2P3
46 E2P2
47 E2P1

