POLYGON ((625071.9003894652 3504243.3785424978, 625138.4051854884 3504248.2848903243, 625146.6424093188 3504202.2642143983, 625094.2073021412 3504202.184334228, 625082.6715574508 3504230.8700385797, 625071.9003894652 3504243.3785424978)) [{'type': 'Polygon', 'coordinates': (((625071.9003894652, 3504243.3785424978), (625138.4051854884, 3504248.2848903243), (625146.6424093188, 3504202.2642143983), (625094.2073021412, 3504202.184334228), (625082.6715574508, 3504230.8700385797), (625071.9003894652, 3504243.3785424978)),)}]
new transform :  | 1.00, 0.00, 625071.90|
| 0.00,-1.00, 3504248.28|
| 0.00, 0.00, 1.00|

check 2

POLYGON ((625071.9003894652 3504243.3785424978, 625138.4051854884 3504248.2848903243, 625146.6424093188 3504202.2642143983, 625094.2073021412 3504202.184334228, 625082.6715574508 3504230.8700385797, 625071.9003894652 3504243.3785424978)) [{'type': 'Polygon', 'coordinates': (((625071.9003894652, 3504243.3785424978), (625138.4051854884, 3504248.2848903243), (625146.6424093188, 3504202.2642143983), (625094.2073021412, 3504202.184334228), (625082.6715574508, 3504230.8700385797), (625071.9003894652, 3504243.3785424978)),)}]
new transform :  | 1.00, 0.00, 625071.90|
| 0.00,-1.00, 3504248.28|
| 0.00, 0.00, 1.00|
